[0.002013127807799003, -2.048216327344884e-06, 0.0, 0.0, 0.0, -0.001968234037557438, 0.9999980630255108]
[0.0020132106448045735, -2.0485411688735127e-06, 0.0, 0.0, 0.0, -0.0019682339680346774, 0.9999980630256476]
[0.002013323049657885, -2.048982495874629e-06, 0.0, 0.0, 0.0, -0.001968233869895627, 0.9999980630258407]
[0.0020134314996814342, -2.0494086596131786e-06, 0.0, 0.0, 0.0, -0.001968233772256313, 0.9999980630260329]
[0.002013542739859196, -2.049846067721444e-06, 0.0, 0.0, 0.0, -0.001968233675680443, 0.9999980630262231]
[0.002013638414840614, -2.0502224022935643e-06, 0.0, 0.0, 0.0, -0.001968233591342132, 0.999998063026389]
[0.0020137514569947513, -2.050667161331578e-06, 0.0, 0.0, 0.0, -0.0019682334962036105, 0.9999980630265762]
[0.0020138591751711014, -2.0510910563086773e-06, 0.0, 0.0, 0.0, -0.0019682334012252802, 0.9999980630267632]
[0.002013962583664918, -2.0514980373427554e-06, 0.0, 0.0, 0.0, -0.0019682333105540788, 0.9999980630269417]
[0.0020140683036948864, -2.0519141450695085e-06, 0.0, 0.0, 0.0, -0.001968233217833526, 0.9999980630271241]
[0.0020141704976986284, -2.052316396532627e-06, 0.0, 0.0, 0.0, -0.0019682331271409837, 0.9999980630273027]
[0.002014275915302631, -2.052731345981235e-06, 0.0, 0.0, 0.0, -0.001968233035820682, 0.9999980630274824]
[0.002014371207595893, -2.0531064462268525e-06, 0.0, 0.0, 0.0, -0.001968232954523871, 0.9999980630276424]
[0.0020144761174960483, -2.0535194119375885e-06, 0.0, 0.0, 0.0, -0.0019682328645086143, 0.9999980630278196]
[0.002014580678010533, -2.053931006106599e-06, 0.0, 0.0, 0.0, -0.001968232775166711, 0.9999980630279954]
[0.0020146789809813537, -2.0543179704995984e-06, 0.0, 0.0, 0.0, -0.0019682326914048673, 0.9999980630281603]
[0.0020147836501402485, -2.0547299962293803e-06, 0.0, 0.0, 0.0, -0.0019682326030862458, 0.9999980630283342]
[0.002014893530904763, -2.055162538476477e-06, 0.0, 0.0, 0.0, -0.0019682325105428063, 0.9999980630285162]
[0.002014992200491088, -2.0555509487587008e-06, 0.0, 0.0, 0.0, -0.0019682324284125176, 0.999998063028678]
[0.0020150974796819933, -2.055965378122131e-06, 0.0, 0.0, 0.0, -0.0019682323410288613, 0.99999806302885]
GOAL [6.75, -0.580357551575, 0.0, 0.0, 0.0, 0.0, 1.0] 
[0.0020151923565501764, -2.0563388591587765e-06, 0.0, 0.0, 0.0, -0.0019682322628384605, 0.9999980630290038]
[0.0020152955678052016, -2.0567451485867313e-06, 0.0, 0.0, 0.0, -0.0019682321779209097, 0.9999980630291709]
[0.0020153924392890287, -2.057126481710051e-06, 0.0, 0.0, 0.0, -0.001968232098552919, 0.9999980630293271]
[0.0020154951796691823, -2.0575309177204973e-06, 0.0, 0.0, 0.0, -0.0019682320148067685, 0.999998063029492]
[0.0020156012204198487, -2.0579483456389294e-06, 0.0, 0.0, 0.0, -0.0019682319287097887, 0.9999980630296614]
[0.0020156939210153936, -2.0583132602279735e-06, 0.0, 0.0, 0.0, -0.0019682318539425065, 0.9999980630298086]
[0.0020157959485980126, -2.058714890385418e-06, 0.0, 0.0, 0.0, -0.0019682317719302866, 0.9999980630299701]
[0.002015897787714494, -2.059115778646519e-06, 0.0, 0.0, 0.0, -0.0019682316872881465, 0.9999980630301366]
[0.0020159976310938394, -2.0595088107089957e-06, 0.0, 0.0, 0.0, -0.001968231596576353, 0.9999980630303152]
[0.0789829689140636, -0.001294487440864827, 0.0, 0.0, 0.0, -0.012485134739723876, 0.9999220576677619]
[0.24923738157624814, -0.007637350064460149, 0.0, 0.0, 0.0, -0.02435807018094177, 0.9997032981925489]
[0.40084187555673195, -0.015898989726639095, 0.0, 0.0, 0.0, -0.03210634900031774, 0.9994844582853051]
[0.5703479837902059, -0.02856894400388957, 0.0, 0.0, 0.0, -0.04255778599862414, 0.9990940070138021]
[0.7387257743170459, -0.04586334652738903, 0.0, 0.0, 0.0, -0.058839349914526114, 0.9982674646113816]
[0.9080298342918481, -0.06647046280586492, 0.0, 0.0, 0.0, -0.0652884553256729, 0.9978664327459801]
[1.077132550822033, -0.0883335929541216, 0.0, 0.0, 0.0, -0.06561094007318037, 0.9978452808640794]
[1.22557462595564, -0.10898412984712558, 0.0, 0.0, 0.0, -0.07074073472404621, 0.9974947360516255]
[1.3936984319837211, -0.13389697884464208, 0.0, 0.0, 0.0, -0.0764032114590064, 0.9970770026827167]
[1.553803185331977, -0.15878878583669712, 0.0, 0.0, 0.0, -0.0785957196419154, 0.9969065717779021]
[1.7221973460563444, -0.18538862277760496, 0.0, 0.0, 0.0, -0.07863345927930009, 0.996903595681032]
[1.8972922688908709, -0.21426047050097183, 0.0, 0.0, 0.0, -0.08358960001412045, 0.996500265313301]
[2.058474294510158, -0.24161782670697549, 0.0, 0.0, 0.0, -0.08521849070317782, 0.9963622879466446]
[2.2132910833935298, -0.2642473508840897, 0.0, 0.0, 0.0, -0.06830015865674223, 0.9976648176253705]
[2.381855725265573, -0.2866578865938324, 0.0, 0.0, 0.0, -0.06089358718114017, 0.9981442636413901]
[2.5462347627969257, -0.3060364344526571, 0.0, 0.0, 0.0, -0.055255440857186006, 0.9984722511195181]
[2.719720731435321, -0.32435940865624846, 0.0, 0.0, 0.0, -0.049426333743131115, 0.9987777718455255]
[2.8862926915046536, -0.3418649527277947, 0.0, 0.0, 0.0, -0.051935071159918876, 0.9986504635675157]
[3.047902513370503, -0.35896211687140145, 0.0, 0.0, 0.0, -0.05322442649490604, 0.9985825756662733]
[3.217268581913527, -0.37352171088386454, 0.0, 0.0, 0.0, -0.03731703967590392, 0.9993034767025616]
[3.384428560416382, -0.38377830339620095, 0.0, 0.0, 0.0, -0.023496972958389376, 0.999723908017505]
[3.5542085131938017, -0.3921991566720342, 0.0, 0.0, 0.0, -0.021771782872470887, 0.9997629666428708]
[3.7155847737981595, -0.39904078768545426, 0.0, 0.0, 0.0, -0.019568678405896572, 0.9998085150794859]
[3.8860034695459413, -0.4030433436799848, 0.0, 0.0, 0.0, -0.00720860163783785, 0.9999740176936733]
[4.056453109546994, -0.4048990391217158, 0.0, 0.0, 0.0, -0.000990756156503378, 0.9999995092009988]
[4.20700080626729, -0.40237196519945106, 0.0, 0.0, 0.0, 0.014431042105150907, 0.9998958670900482]
[4.376327002500292, -0.3952569604483088, 0.0, 0.0, 0.0, 0.028548120965655916, 0.9995924193336654]
[4.5460036407558215, -0.38496125074961546, 0.0, 0.0, 0.0, 0.034703870832304626, 0.999397639255394]
[4.71554560573281, -0.37285303610441156, 0.0, 0.0, 0.0, 0.03750928252363327, 0.9992962792508348]
[4.875179529926737, -0.3620536639788124, 0.0, 0.0, 0.0, 0.03264016489284158, 0.9994671678628408]
[5.054842441399289, -0.35121665675584013, 0.0, 0.0, 0.0, 0.027721381401098297, 0.999615688659004]
REPLAN
[5.163069634720477, -0.34052186783766625, 0.0, 0.0, 0.0, 0.062231779179216774, 0.9980617243738932]
[5.1795477866002715, -0.334725018214897, 0.0, 0.0, 0.0, 0.1673337011422877, 0.9859003156820793]
REPLAN
[5.311788348065541, -0.2727550988407293, 0.0, 0.0, 0.0, 0.27266439726164704, 0.9621092071412386]
[5.449461147831711, -0.20383489950818046, 0.0, 0.0, 0.0, 0.2281381702310847, 0.9736287666680831]
[5.603992950509681, -0.14305566367760683, 0.0, 0.0, 0.0, 0.15535941137038706, 0.9878580127217913]
[5.757984636523807, -0.10004917809178641, 0.0, 0.0, 0.0, 0.10715814344605788, 0.994241988800108]
[5.940007546842196, -0.06745104866840208, 0.0, 0.0, 0.0, 0.06286542163956586, 0.9980220131650802]
[6.094201994478909, -0.05750154948370942, 0.0, 0.0, 0.0, 0.003889789985121732, 0.9999924347383192]
[6.23003868402167, -0.06279262863359818, 0.0, 0.0, 0.0, -0.04710817909703052, 0.9988897934517912]
[6.335202511436073, -0.07441929053744879, 0.0, 0.0, 0.0, -0.07331419715950765, 0.9973088932195766]
[6.435831915061275, -0.09092125167304582, 0.0, 0.0, 0.0, -0.0955513333733314, 0.995424503762379]
[6.514013110701094, -0.10746540535982366, 0.0, 0.0, 0.0, -0.11405722431114017, 0.9934741816385759]
[6.576519147382825, -0.12110158939353781, 0.0, 0.0, 0.0, -0.10984129643988254, 0.993949138334757]
[6.639047886659108, -0.1346481897117607, 0.0, 0.0, 0.0, -0.10466014794927779, 0.9945080459358965]
[6.687765821269998, -0.14444447472818314, 0.0, 0.0, 0.0, -0.09112830240907302, 0.9958391599550805]
[6.719287059523468, -0.1497184938780055, 0.0, 0.0, 0.0, -0.07518354201600123, 0.9971697122405635]
[6.752960500123512, -0.15436486607066513, 0.0, 0.0, 0.0, -0.0611161562655081, 0.9981306605065942]
[6.764298071089734, -0.15586331977024517, 0.0, 0.0, 0.0, -0.05908484097661975, 0.9982529647172442]
[6.764286522987165, -0.15586525453518618, 0.0, 0.0, 0.0, -0.05898653519725407, 0.9982587784063925]
[6.764238596697037, -0.15585965377910957, 0.0, 0.0, 0.0, -0.058965428126721, 0.9982600253870895]
[6.764207635930925, -0.15585603729171116, 0.0, 0.0, 0.0, -0.05896251598029591, 0.9982601973980899]
[6.764191430292579, -0.15585415899984503, 0.0, 0.0, 0.0, -0.05896152107764149, 0.9982602561617941]
[6.76420486399841, -0.15585577903117828, 0.0, 0.0, 0.0, -0.058960896749748755, 0.9982602930370743]
[6.764198865239193, -0.15585508748366828, 0.0, 0.0, 0.0, -0.058960296377516076, 0.9982603284970687]
[6.764178351032037, -0.15585266804330666, 0.0, 0.0, 0.0, -0.05895971813345533, 0.9982603626497566]
[6.764185590409267, -0.15585353479591926, 0.0, 0.0, 0.0, -0.05895911896905302, 0.998260398037703]
[6.764180171306024, -0.15585289841826078, 0.0, 0.0, 0.0, -0.05895847860797799, 0.998260435858415]
[6.7641815780654015, -0.1558530686949086, 0.0, 0.0, 0.0, -0.05895790102536424, 0.9982604699709807]
[6.764180628641203, -0.15585295867596385, 0.0, 0.0, 0.0, -0.05895730896542925, 0.9982605049382425]
[6.764178890894756, -0.15585275427801298, 0.0, 0.0, 0.0, -0.058956737010409516, 0.9982605387177665]
[6.764172240051142, -0.15585196709522553, 0.0, 0.0, 0.0, -0.05895613237067141, 0.9982605744272844]
[6.764169904253919, -0.1558516909665705, 0.0, 0.0, 0.0, -0.05895556714776211, 0.998260607808545]
[6.764160733204756, -0.15585060446734494, 0.0, 0.0, 0.0, -0.05895490469611006, 0.998260646931588]
[6.764162670713546, -0.1558508344876654, 0.0, 0.0, 0.0, -0.05895436425478101, 0.9982606788486235]
[6.76415886239395, -0.1558503833406443, 0.0, 0.0, 0.0, -0.058953764590007986, 0.9982607142628953]
[6.7641555566831, -0.1558499917078872, 0.0, 0.0, 0.0, -0.058953173425590345, 0.9982607491748097]
[6.764152019824857, -0.15584957262300744, 0.0, 0.0, 0.0, -0.05895262223135366, 0.9982607817259213]
[6.7641486661045205, -0.15584917521951974, 0.0, 0.0, 0.0, -0.05895200991216681, 0.9982608178864458]
[6.764145026860754, -0.1558487439550358, 0.0, 0.0, 0.0, -0.058951404897092885, 0.9982608536152557]
[6.764141163423445, -0.1558482861032635, 0.0, 0.0, 0.0, -0.05895080111441179, 0.9982608892709205]
[6.764138544307536, -0.15584797572239084, 0.0, 0.0, 0.0, -0.05895023459634458, 0.9982609227256348]
[6.7641356017771574, -0.1558476270050361, 0.0, 0.0, 0.0, -0.05894963624695573, 0.9982609580597408]
[6.764131620723812, -0.15584715520082534, 0.0, 0.0, 0.0, -0.058948983674427226, 0.9982609965954555]
[6.764129280542253, -0.15584687786599888, 0.0, 0.0, 0.0, -0.05894849229638547, 0.9982610256120305]
[6.764125660932542, -0.15584644890084343, 0.0, 0.0, 0.0, -0.05894785322595257, 0.9982610633496889]
